2 0.897942 0.0092141 0.0128937 0.010025 0.0379257 0.00292517 0.00976609 0.00962308 0 0.00968471 
3 0.961894 0.0072029 0.00322365 0.0102337 0.00944593 0.00073143 0.00244152 0.00240577 0 0.00242118 
4 0.492647 0.0960596 0.0676523 0.072334 0.101049 0.0549177 0.0547049 0.0224269 0.00895548 0.0292533 
5 0.991589 0.000941251 0.00398166 0.00144916 0.000679652 0.000679652 0 0 0.000679652 0 
6 0.906898 0.00731109 0.0102206 0.00794611 0.0189395 0.0133683 0.0199742 0.0076648 0 0.00767691 
7 0.489906 0.159797 0.0290941 0.0971982 0.0223324 0.0516264 0.0787388 0.0344997 0.0289649 0.00784156 
8 0.993511 0.00524057 0 0 0.00124866 0 0 0 0 0 
9 0.504472 0.160616 0.0290941 0.0971982 0.0223324 0.048587 0.0663936 0.0344997 0.0289649 0.00784156 
10 0.504978 0.155182 0.0282257 0.109197 0.0216912 0.0471367 0.0644117 0.0334698 0.0281003 0.00760749 
11 0.473975 0.1085 0.0681826 0.0587732 0.10258 0.0557498 0.0612864 0.0321656 0.00909117 0.0296966 
12 0.960164 0.00957206 0.0156246 0.0107407 0.00129949 0.00129949 0 0 0.00129949 0 
13 0.493568 0.115892 0.0661773 0.0570446 0.0995629 0.0541101 0.0539005 0.0220971 0.00882378 0.0288231 
14 0.974582 0.00103976 0.0200432 0.00184901 0.000828759 0.000828759 0 0 0.000828759 0 
15 0.489906 0.175182 0.0290941 0.0971982 0.0223324 0.048587 0.0663936 0.0344997 0.0289649 0.00784156 
16 0.36525 0.0920075 0.136939 0.0524312 0.136612 0.0378405 0.0451314 0.0641733 0.0148946 0.0547201 
17 0.477036 0.0990153 0.0692316 0.0596774 0.118327 0.0578227 0.0563882 0.023117 0.00923104 0.0301534 
18 0.496739 0.16835 0.0290941 0.0971982 0.0223324 0.048587 0.0663936 0.0344997 0.0289649 0.00784156 
19 0.373802 0.09884 0.136939 0.0524312 0.136612 0.0378405 0.0451307 0.0487893 0.0148946 0.0547201 
20 0.28718 0.143623 0.0448361 0.166404 0.0591018 0.0586155 0.0935486 0.030197 0.0687644 0.0477301 
21 0.36525 0.0920075 0.152323 0.0524312 0.136612 0.0378405 0.0451307 0.0487893 0.0148946 0.0547201 
22 0.537194 0.160455 0.0262656 0.0877484 0.0201612 0.0438633 0.0599387 0.0311455 0.0261489 0.00707919 
23 0.490382 0.172093 0.0317077 0.0971983 0.0223324 0.048587 0.0663936 0.0344997 0.0289649 0.00784156 
24 0.49252 0.172093 0.0295694 0.0971982 0.0223324 0.048587 0.0663936 0.0344997 0.0289649 0.00784156 
25 0.489906 0.159797 0.0290942 0.112581 0.0223346 0.048587 0.0663936 0.0344997 0.0289649 0.00784156 
26 0.30178 0.152799 0.0441566 0.148731 0.0582063 0.0577274 0.0921312 0.0297395 0.0677226 0.0470069 
27 0.497635 0.157376 0.0286533 0.0957255 0.0266241 0.0583723 0.0653876 0.0339769 0.0285261 0.00772275 
28 0.298173 0.148014 0.044836 0.151019 0.0591018 0.0586155 0.0935486 0.030197 0.0687644 0.0477301 
29 0.477036 0.0990153 0.0692327 0.0750609 0.104158 0.0566075 0.0563882 0.023117 0.00923104 0.0301534 
30 0.0550536 0.185859 0.152288 0.033607 0.103817 0.162292 0.0744587 0.193725 0.0123869 0.0265132 
31 0.100949 0.141814 0.0757294 0.237467 0.145821 0.0777331 0.0789333 0.0107705 0.0370562 0.0937265 
32 0.477036 0.0990153 0.0692316 0.0596774 0.104159 0.0719914 0.0563882 0.023117 0.00923104 0.0301534 
33 0.497635 0.157376 0.028683 0.110821 0.0220202 0.0478509 0.0653876 0.0339769 0.0285261 0.00772275 
34 0.477036 0.0990153 0.0692316 0.0596774 0.104158 0.0566628 0.0717034 0.023131 0.00923104 0.0301534 
35 0.477036 0.0990153 0.0692316 0.0596774 0.104158 0.0566092 0.0717711 0.023117 0.00923104 0.0301534 
36 0.489906 0.159797 0.0327794 0.108898 0.0223324 0.048587 0.0663936 0.0344997 0.0289649 0.00784156 
37 0.36525 0.0920075 0.152323 0.0524312 0.136612 0.0378405 0.0451307 0.0487893 0.0148946 0.0547201 
38 0.332401 0.13822 0.0428579 0.144357 0.0564943 0.0560296 0.0894215 0.0288648 0.0657307 0.0456243 
39 0.897942 0.0092141 0.0128937 0.0254089 0.0225418 0.00292517 0.00976609 0.00962308 0 0.00968471 
40 0.497635 0.157376 0.0286533 0.0957255 0.021994 0.0479148 0.0803992 0.0340529 0.0285261 0.00772275 
41 0.477036 0.1144 0.0692316 0.0596774 0.104158 0.0566075 0.0563882 0.023117 0.00923104 0.0301534 
42 0.477036 0.1144 0.0692316 0.0596774 0.104158 0.0566075 0.0563882 0.023117 0.00923104 0.0301534 
43 0.477036 0.0990153 0.0692316 0.0596774 0.104158 0.0574169 0.0709634 0.023117 0.00923104 0.0301534 
44 0.36525 0.0920075 0.136939 0.0524312 0.151997 0.0378405 0.0451307 0.0487893 0.0148946 0.0547201 
45 0.512053 0.148386 0.027016 0.0902555 0.0219504 0.0724174 0.0617085 0.0320354 0.026896 0.00728145 
46 0.476997 0.105477 0.0762152 0.0658921 0.10258 0.0557498 0.0555338 0.0227667 0.00909117 0.0296966 
47 0.48496 0.097515 0.0681826 0.0587732 0.102794 0.0706873 0.0555338 0.0227667 0.00909117 0.0296966 
48 0.114562 0.131813 0.0673245 0.248987 0.143612 0.0765554 0.0777373 0.0106073 0.0364948 0.0923064 
49 0.10094 0.133841 0.0683264 0.237467 0.146079 0.0928529 0.0789405 0.0107705 0.0370562 0.0937265 
50 0.28718 0.143623 0.044836 0.151019 0.0591018 0.0588829 0.108665 0.030198 0.0687644 0.0477301 
51 0.3932 0.0880026 0.145603 0.0501181 0.130585 0.036171 0.0431397 0.0466368 0.0142375 0.052306 
52 0.489906 0.159797 0.0290941 0.0971982 0.0223438 0.0639602 0.0663936 0.0344997 0.0289649 0.00784156 
53 0.29798 0.141447 0.0441566 0.148731 0.0582063 0.0577669 0.107243 0.0297399 0.0677225 0.0470069 
54 0.900989 0.00893905 0.0125088 0.010108 0.0364113 0.00283785 0.00947456 0.00933583 0 0.00939562 
55 0.477036 0.0990153 0.0846162 0.0596774 0.104158 0.0566075 0.0563882 0.023117 0.00923104 0.0301534 
56 0.477036 0.1144 0.0692316 0.0596774 0.104158 0.0566075 0.0563882 0.023117 0.00923104 0.0301534 
57 0.374868 0.0906135 0.134864 0.0516368 0.134543 0.0372671 0.0444469 0.0480501 0.014669 0.0690425 
58 0.486103 0.174057 0.0282258 0.109222 0.0216657 0.0471367 0.0644117 0.0334698 0.0281003 0.00760749 
59 0.477036 0.0990153 0.0692316 0.0596774 0.104158 0.0718579 0.0565224 0.023117 0.00923104 0.0301534 
60 0.36525 0.0920075 0.136939 0.052435 0.150562 0.039272 0.0451307 0.0487893 0.0148946 0.0547201 
61 0.48496 0.097515 0.0681826 0.0587926 0.117712 0.0557498 0.0555338 0.0227667 0.00909117 0.0296966 
62 0.29798 0.141447 0.0441566 0.148731 0.0733359 0.0577493 0.0921312 0.0297395 0.0677226 0.0470069 
63 0.28718 0.143623 0.044836 0.151021 0.0744849 0.0586155 0.0935486 0.030197 0.0687644 0.0477301 
64 0.0572672 0.208885 0.0489615 0.0342713 0.127149 0.182111 0.14756 0.078932 0.0670046 0.0478595 
65 0.0572672 0.208885 0.0489615 0.0342713 0.127149 0.182111 0.14756 0.0786092 0.0673274 0.0478595 
66 0.10094 0.133841 0.0683269 0.252851 0.145821 0.0777331 0.0789333 0.0107705 0.0370562 0.0937265 
67 0.534347 0.0881643 0.0616446 0.0531417 0.105836 0.0510054 0.0502087 0.0205836 0.00821942 0.026849 
68 0.10094 0.14896 0.0685919 0.237467 0.145821 0.0777331 0.0789333 0.0107705 0.0370562 0.0937265 
69 0.28718 0.143623 0.0451015 0.166132 0.0591084 0.0586155 0.0935486 0.030197 0.0687644 0.0477301 
70 0.477036 0.0990153 0.0692341 0.0750595 0.104158 0.0566075 0.0563882 0.023117 0.00923104 0.0301534 
71 0.497635 0.157376 0.0286533 0.0957255 0.021994 0.0478509 0.0653877 0.0491284 0.0285261 0.00772275 
72 0.489906 0.159797 0.0290941 0.0971982 0.0255556 0.0602149 0.0669271 0.0344997 0.0289649 0.00784156 
73 0.502202 0.162886 0.0290941 0.0971982 0.0223324 0.048587 0.0663936 0.0344997 0.0289649 0.00784156 
74 0.373277 0.0922044 0.134864 0.0516368 0.149694 0.0372671 0.0444469 0.0480501 0.014669 0.053891 
75 0.28718 0.143623 0.044836 0.151019 0.0591017 0.0586155 0.0958154 0.0433148 0.0687644 0.0477301 
76 0.36525 0.0920075 0.136939 0.0524312 0.136612 0.0378444 0.060272 0.0490286 0.0148946 0.0547201 
77 0.489906 0.159797 0.0290941 0.112583 0.0223324 0.048587 0.0663936 0.0344997 0.0289649 0.00784156 
78 0.485402 0.0946469 0.0661772 0.0570446 0.0995629 0.0550562 0.0716558 0.0328074 0.00882379 0.0288231 
79 0.489906 0.159798 0.0444788 0.0971983 0.0223324 0.048587 0.0663936 0.0344997 0.0289649 0.00784156 
80 0.488337 0.109267 0.0682046 0.0587732 0.10258 0.0557498 0.0555338 0.0227667 0.00909117 0.0296966 
81 0.477036 0.0990373 0.0845941 0.0596774 0.104158 0.0566075 0.0563882 0.023117 0.00923104 0.0301534 
82 0.913305 0.00923618 0.0128937 0.0100243 0.0225418 0.00292517 0.00976609 0.00962308 0 0.00968471 
83 0.374868 0.0906134 0.134864 0.0516386 0.149692 0.0372671 0.0444469 0.0480501 0.014669 0.053891 
84 0.477036 0.0990153 0.0692316 0.0596774 0.104628 0.0715226 0.0563882 0.023117 0.00923104 0.0301534 
85 0.489906 0.159798 0.0290941 0.0971983 0.0229687 0.0633054 0.0664236 0.0344997 0.0289649 0.00784156 
86 0.489906 0.159797 0.0327794 0.108898 0.0223324 0.048587 0.0663936 0.0344997 0.0289649 0.00784156 
87 0.477036 0.0990153 0.0692316 0.0598606 0.118044 0.0579231 0.0563882 0.023117 0.00923104 0.0301534 
88 0.366859 0.133169 0.0373633 0.125849 0.0504348 0.073304 0.0779572 0.0251642 0.061262 0.0486372 
89 0.28718 0.143623 0.044836 0.151019 0.059266 0.072997 0.0943875 0.030197 0.0687644 0.0477301 
90 0.374868 0.0906134 0.134864 0.0521584 0.149172 0.0372671 0.0444469 0.0480501 0.014669 0.053891 
91 0.476214 0.0954283 0.0797105 0.0562247 0.112606 0.0678175 0.0531204 0.0217769 0.0086959 0.0284054 
92 0.0572672 0.208885 0.0489615 0.0342713 0.127149 0.182111 0.14756 0.0785997 0.0519552 0.0632411 
93 0.0710982 0.231865 0.0475198 0.0332483 0.123353 0.176675 0.143155 0.0762534 0.0504015 0.0464308 
94 0.36525 0.0920075 0.136939 0.0524312 0.136612 0.0378404 0.0451307 0.0487893 0.0148947 0.0701047 
95 0.384198 0.089261 0.132851 0.0549161 0.14341 0.0367109 0.0437835 0.0473329 0.01445 0.0530867 
96 0.28718 0.143623 0.044836 0.151019 0.0591018 0.0586155 0.0935486 0.0310376 0.0833084 0.0477301 
97 0.28718 0.143623 0.044836 0.151019 0.0591017 0.0586155 0.0935486 0.030237 0.084109 0.0477301 
98 0.48496 0.097515 0.0681826 0.0587732 0.10258 0.0557561 0.0679135 0.0255323 0.00909117 0.0296966 
99 0.489906 0.175182 0.0290941 0.0971982 0.0223324 0.048587 0.0663936 0.0344997 0.0289649 0.00784156 
100 0.494143 0.170939 0.0291005 0.0971982 0.0223324 0.048587 0.0663936 0.0344997 0.0289649 0.00784156 
101 0.36525 0.0920075 0.152323 0.0524312 0.136612 0.0378405 0.0451307 0.0487893 0.0148946 0.0547201 
102 0.28718 0.143623 0.044836 0.151019 0.0591017 0.0586155 0.100218 0.0389124 0.0687644 0.0477301 
103 0.10094 0.133841 0.083711 0.237467 0.145821 0.0777331 0.0789333 0.0107705 0.0370562 0.0937265 
104 0.0550536 0.178455 0.144316 0.0335981 0.103817 0.162292 0.0746371 0.208931 0.0123869 0.0265132 
105 0.28718 0.143623 0.044836 0.151019 0.0591017 0.0586155 0.0935486 0.0304428 0.0839029 0.0477303 
106 0.10094 0.149226 0.0683263 0.237467 0.145821 0.0777331 0.0789333 0.0107705 0.0370562 0.0937265 
107 0.562557 0.0804848 0.0669801 0.0502584 0.0971284 0.0459936 0.0458154 0.0187826 0.00750022 0.0244997 
108 0.477036 0.0990153 0.0692316 0.0596774 0.104158 0.0566075 0.0563882 0.0231642 0.024565 0.0301569 
109 0.0582248 0.223312 0.0489615 0.0342713 0.127149 0.182111 0.14756 0.0785997 0.0519523 0.0478595 
110 0.379677 0.0929651 0.136939 0.0524312 0.136612 0.0378405 0.0451307 0.0487893 0.0148946 0.0547201 
111 0.36525 0.0920075 0.136939 0.0524487 0.149011 0.0408084 0.0451307 0.0487893 0.0148946 0.0547201 
112 0.480004 0.111414 0.0692491 0.0596774 0.104158 0.0566075 0.0563882 0.023117 0.00923104 0.0301534 
113 0.28718 0.159007 0.044836 0.151019 0.0591018 0.0586155 0.0935486 0.030197 0.0687644 0.0477301 
114 0.10094 0.133841 0.0683264 0.237467 0.161204 0.0777348 0.0789333 0.0107705 0.0370562 0.0937265 
115 0.28718 0.143623 0.0484366 0.162803 0.0591018 0.0586155 0.0935486 0.030197 0.0687644 0.0477301 
116 0.506982 0.0944574 0.0787953 0.0563216 0.09812 0.0533259 0.0531193 0.0217769 0.0086959 0.0284054 
117 0.10094 0.133841 0.068336 0.248457 0.150207 0.0777331 0.0789333 0.0107705 0.0370562 0.0937265 
118 0.369676 0.102957 0.136948 0.0524312 0.136612 0.0378405 0.0451307 0.0487893 0.0148946 0.0547201 
119 0.477036 0.0990153 0.0692316 0.059945 0.119275 0.0566075 0.0563882 0.023117 0.00923104 0.0301534 
120 0.489906 0.159798 0.0341228 0.107554 0.0223324 0.048587 0.0663936 0.0344997 0.0289649 0.00784156 
121 0.297803 0.148385 0.044836 0.151019 0.0591018 0.0586155 0.0935486 0.030197 0.0687644 0.0477301 
122 0.471413 0.121025 0.0733706 0.0587732 0.10258 0.0557498 0.0555338 0.0227667 0.00909117 0.0296966 
123 0.482304 0.107503 0.070861 0.0596774 0.104158 0.0566075 0.0563882 0.023117 0.00923104 0.0301534 
124 0.295877 0.15031 0.044836 0.151019 0.0591018 0.0586155 0.0935486 0.030197 0.0687644 0.0477301 
125 0.374868 0.0971998 0.143429 0.0516368 0.134543 0.0372671 0.0444469 0.0480501 0.014669 0.053891 
126 0.477036 0.1144 0.0692316 0.0596774 0.104158 0.0566075 0.0563882 0.023117 0.00923104 0.0301534 
127 0.477036 0.0990153 0.0692316 0.075062 0.104158 0.0566075 0.0563882 0.023117 0.00923104 0.0301534 
128 0.477036 0.0990153 0.0692316 0.0596774 0.119543 0.0566075 0.0563882 0.023117 0.00923104 0.0301534 
129 0.497635 0.157376 0.0286533 0.0957255 0.021994 0.0478509 0.0653876 0.0344701 0.0431844 0.00772275 
130 0.28718 0.143623 0.044836 0.151019 0.0591018 0.067649 0.0998998 0.030197 0.0687644 0.0477301 
131 0.477036 0.0990153 0.0692316 0.0624451 0.116775 0.0566075 0.0563882 0.023117 0.00923104 0.0301534 
132 0.36525 0.0920075 0.136939 0.0526589 0.151769 0.0378405 0.0451307 0.0487893 0.0148946 0.0547201 
133 0.567713 0.0854045 0.0555796 0.0618105 0.0997612 0.0419152 0.0416504 0.0170751 0.00681838 0.0222724 
134 0.470696 0.0946469 0.0955378 0.0589274 0.112437 0.0541101 0.0539005 0.0220971 0.00882378 0.0288231 
135 0.534127 0.0883844 0.0616446 0.0531374 0.100862 0.0559838 0.0502087 0.0205836 0.00821942 0.026849 
136 0.477036 0.0990153 0.0705836 0.07371 0.104158 0.0566075 0.0563882 0.023117 0.00923104 0.0301534 
137 0.47176 0.0747624 0.111263 0.0550826 0.111015 0.0307454 0.0369321 0.0518705 0.0121093 0.0444601 
138 0.518219 0.0905935 0.0616446 0.0531448 0.120125 0.0504122 0.0502087 0.0205836 0.00821942 0.026849 
139 0.477036 0.0990153 0.0692316 0.062253 0.116967 0.0566075 0.0563882 0.023117 0.00923104 0.0301534 
140 0.28718 0.143623 0.0451119 0.166128 0.0591018 0.0586155 0.0935486 0.030197 0.0687644 0.0477301 
141 0.504273 0.165882 0.0286608 0.0957255 0.021994 0.0478509 0.0653876 0.0339769 0.0285261 0.00772275 
142 0.28718 0.143623 0.044836 0.151019 0.0591018 0.0740001 0.0935486 0.030197 0.0687644 0.0477301 
143 0.138421 0.155213 0.0643654 0.223701 0.137368 0.0732269 0.0743575 0.0101461 0.034908 0.0882931 
144 0.374868 0.0906135 0.146162 0.0554904 0.134543 0.0372671 0.0444469 0.0480501 0.014669 0.053891 
145 0.28718 0.143623 0.044836 0.152775 0.0727304 0.0586155 0.0935486 0.030197 0.0687644 0.0477301 
146 0.576512 0.155496 0.0221705 0.0799876 0.0185459 0.0357468 0.0594635 0.0251967 0.0211542 0.00572698 
147 0.500107 0.0946476 0.0661772 0.0570446 0.0995629 0.0543834 0.0632573 0.0271728 0.00882378 0.0288231 
148 0.114544 0.131831 0.0672911 0.233869 0.158763 0.0765554 0.0777373 0.0106073 0.0364948 0.0923064 
149 0.527123 0.147271 0.0267929 0.0993579 0.0206446 0.0561523 0.0591667 0.0307189 0.0257907 0.00698221 
150 0.287199 0.158989 0.044836 0.151019 0.0591018 0.0586155 0.0935486 0.030197 0.0687644 0.0477301 
151 0.36525 0.0920075 0.136939 0.0524312 0.146006 0.0438306 0.0451314 0.0487893 0.0148946 0.0547201 
152 0.495897 0.169191 0.0290941 0.0971982 0.0223324 0.048587 0.0663936 0.0344997 0.0289649 0.00784156 
153 0.477036 0.0990153 0.0692316 0.0596774 0.104158 0.0566075 0.0563882 0.023117 0.00936811 0.045401 
154 0.55911 0.0790996 0.0708568 0.0418219 0.085926 0.0478325 0.0414969 0.0304876 0.0153128 0.0280558 
155 0.0870718 0.268171 0.139144 0.0532149 0.0785473 0.0602655 0.141833 0.0609751 0.0623955 0.0483819 
156 0.28718 0.143623 0.044836 0.151041 0.0744645 0.0586155 0.0935486 0.030197 0.0687644 0.0477301 
157 0.10094 0.133841 0.0683263 0.237467 0.145821 0.0818652 0.0901858 0.0107705 0.0370562 0.0937265 
158 0.496339 0.101287 0.0681826 0.0587732 0.10258 0.0557498 0.0555338 0.0227667 0.00909117 0.0296966 
159 0.0572672 0.208885 0.0489615 0.0342713 0.127149 0.182113 0.162931 0.0786104 0.0519523 0.0478595 
160 0.0550536 0.184251 0.153902 0.0336006 0.103817 0.162292 0.0744587 0.193725 0.0123869 0.0265132 
161 0.36525 0.0920075 0.136939 0.0524705 0.151958 0.0378404 0.0451307 0.0487893 0.0148946 0.0547201 
162 0.11624 0.156309 0.0662868 0.230379 0.141468 0.0754127 0.0765771 0.010449 0.0359501 0.0909287 
163 0.282829 0.156598 0.0593081 0.148731 0.0582063 0.0577274 0.0921312 0.0297395 0.0677226 0.0470069 
164 0.505133 0.155027 0.0282257 0.0942968 0.0216657 0.0471367 0.0759931 0.0368137 0.0281003 0.00760749 
165 0.36525 0.0920075 0.136939 0.0524312 0.136612 0.0378405 0.0451307 0.0641739 0.0148946 0.0547201 
166 0.484959 0.0975151 0.0833341 0.0587732 0.10258 0.0557498 0.0555338 0.0227667 0.00909117 0.0296966 
167 0.902445 0.00880759 0.0270307 0.00958207 0.0215473 0.00279612 0.00933523 0.00919853 0 0.00925745 
168 0.489906 0.175182 0.0290941 0.0971982 0.0223324 0.048587 0.0663936 0.0344997 0.0289649 0.00784156 
169 0.347552 0.145436 0.0410472 0.138257 0.0541072 0.0536621 0.0856431 0.0276451 0.0629534 0.0436965 
170 0.374868 0.092218 0.148411 0.0516368 0.134543 0.0372671 0.0444469 0.0480501 0.014669 0.053891 
171 0.28718 0.143623 0.044836 0.151019 0.0591018 0.0586155 0.0935486 0.0302068 0.0784568 0.0534125 
172 0.294786 0.151402 0.044836 0.151019 0.0591018 0.0586155 0.0935486 0.030197 0.0687644 0.0477301 
173 0.36525 0.0920075 0.152323 0.0524312 0.136612 0.0378405 0.0451307 0.0487893 0.0148946 0.0547201 
174 0.897942 0.0092141 0.0128937 0.0100243 0.0225418 0.00292517 0.00997236 0.0248014 0 0.00968471 
175 0.477036 0.0990153 0.0692316 0.0596774 0.119543 0.0566077 0.0563882 0.023117 0.00923104 0.0301534 
176 0.10094 0.139423 0.0781184 0.237478 0.145821 0.0777331 0.0789333 0.0107705 0.0370562 0.0937265 
177 0.489917 0.16959 0.0346762 0.0971982 0.0223324 0.048587 0.0663936 0.0344997 0.0289649 0.00784156 
178 0.477036 0.1144 0.0692316 0.0596774 0.104158 0.0566075 0.0563882 0.023117 0.00923104 0.0301534 
179 0.509885 0.099576 0.0661773 0.0570446 0.0995629 0.0541101 0.0539005 0.0220971 0.00882378 0.0288231 
180 0.28718 0.143623 0.044836 0.151019 0.0599042 0.0731977 0.0935486 0.030197 0.0687644 0.0477301 
181 0.974928 0.00509639 0 0 0.0199759 0 0 0 0 0 
182 0.0572672 0.224269 0.0489615 0.0342713 0.127149 0.182111 0.14756 0.0785997 0.0519523 0.0478595 
183 0.374769 0.105864 0.134864 0.0516368 0.134543 0.0372671 0.0444469 0.0480501 0.014669 0.053891 
184 0.10094 0.133841 0.0683263 0.252229 0.146444 0.0777331 0.0789333 0.0107705 0.0370562 0.0937265 
185 0.477036 0.0990153 0.0692316 0.0596774 0.104781 0.0713689 0.0563882 0.023117 0.00923104 0.0301534 
186 0.287281 0.158907 0.044836 0.151019 0.0591018 0.0586155 0.0935486 0.030197 0.0687644 0.0477301 
187 0.36525 0.0920075 0.152226 0.0525283 0.136612 0.0378405 0.0451307 0.0487893 0.0148946 0.0547201 
188 0.306761 0.155857 0.0435986 0.146511 0.0573375 0.0568658 0.0907561 0.0292956 0.0667118 0.0463053 
189 0.0572672 0.224269 0.0489615 0.0342713 0.127149 0.182111 0.14756 0.0785997 0.0519523 0.0478595 
190 0.10094 0.133841 0.0683264 0.237467 0.145821 0.0777331 0.0789333 0.0107705 0.0524408 0.0937265 
191 0.0572672 0.224269 0.0489615 0.0342713 0.127149 0.182111 0.14756 0.0785997 0.0519523 0.0478595 
192 0.0550536 0.178455 0.144316 0.0335981 0.103916 0.177578 0.0744587 0.193725 0.0123869 0.0265132 
193 0.48496 0.11238 0.0684687 0.0587732 0.10258 0.0557498 0.0555338 0.0227667 0.00909117 0.0296966 
194 0.10094 0.133841 0.0683263 0.237467 0.145821 0.0777331 0.0789333 0.0261551 0.0370562 0.0937265 
195 0.477036 0.0990153 0.0692316 0.0596774 0.119543 0.0566075 0.0563882 0.023117 0.00923104 0.0301534 
196 0.28718 0.159007 0.044836 0.151019 0.0591018 0.0586155 0.0935486 0.030197 0.0687644 0.0477301 
197 0.0870718 0.252786 0.139144 0.0532754 0.0938404 0.0602965 0.141833 0.0609751 0.0623955 0.0483819 
198 0.338095 0.133365 0.0416334 0.140232 0.0548802 0.0544287 0.10114 0.0280526 0.0638527 0.0443208 
199 0.36525 0.0920151 0.15173 0.0530173 0.136612 0.0378405 0.0451307 0.0487893 0.0148946 0.0547201 
200 0.374205 0.0984374 0.136939 0.0524312 0.136612 0.0378405 0.0451307 0.0487893 0.0148946 0.0547201 
201 0.28718 0.143623 0.044836 0.151019 0.0591018 0.0601465 0.107402 0.030197 0.0687644 0.0477301 
202 0.491442 0.0999939 0.0692316 0.0596774 0.104158 0.0566075 0.0563882 0.023117 0.00923104 0.0301534 
203 0.10094 0.133841 0.0683263 0.237467 0.145821 0.0809159 0.0898634 0.0120423 0.0370562 0.0937265 
204 0.491178 0.170728 0.0322769 0.0971982 0.0223324 0.048587 0.0663936 0.0344997 0.0289649 0.00784156 
205 0.0572672 0.208885 0.0489615 0.0342955 0.142424 0.182196 0.14756 0.0785997 0.0519523 0.0478595 
206 0.0870718 0.252786 0.139144 0.0532149 0.0785473 0.0603084 0.157175 0.0609751 0.0623955 0.0483819 
207 0.477036 0.0990153 0.0796218 0.0646718 0.104158 0.0566075 0.0563882 0.023117 0.00923104 0.0301534 
208 0.477036 0.0990153 0.0692316 0.0596774 0.104158 0.0646753 0.063705 0.023117 0.00923104 0.0301534 
209 0.557107 0.144684 0.0259057 0.0865464 0.019885 0.0432624 0.0591176 0.0307189 0.0257907 0.00698221 
210 0.484849 0.106587 0.0692316 0.0596774 0.104158 0.0566075 0.0563882 0.023117 0.00923104 0.0301534 
211 0.0550536 0.178455 0.144316 0.0335981 0.103817 0.162443 0.0821635 0.201253 0.0123869 0.0265132 
212 0.36525 0.099536 0.144791 0.0524356 0.136612 0.0378405 0.0451307 0.0487893 0.0148946 0.0547201 
213 0.0572672 0.208885 0.0489615 0.0342713 0.12722 0.197424 0.14756 0.0785997 0.0519523 0.0478595 
214 0.484892 0.0975828 0.0681826 0.0587732 0.117731 0.0557498 0.0555338 0.0227667 0.00909117 0.0296966 
215 0.489906 0.159797 0.0290941 0.0971982 0.0223324 0.0639384 0.0664269 0.0344997 0.0289649 0.00784156 
216 0.36525 0.0920075 0.136939 0.0524312 0.136612 0.0378405 0.045164 0.0641407 0.0148946 0.0547201 
217 0.069371 0.175751 0.142129 0.0330891 0.102246 0.174983 0.0733306 0.19079 0.0121992 0.0261115 
218 0.28718 0.143623 0.044836 0.151019 0.0647247 0.0683755 0.0935503 0.030197 0.0687644 0.0477301 
219 0.489906 0.159797 0.0327741 0.108903 0.0223324 0.048587 0.0663936 0.0344997 0.0289649 0.00784156 
220 0.0572672 0.208885 0.0489615 0.0342713 0.127149 0.197495 0.14756 0.0785997 0.0519523 0.0478595 
221 0.477036 0.0990153 0.0692316 0.0597172 0.119503 0.0566075 0.0563882 0.023117 0.00923104 0.0301534 
222 0.52788 0.0893888 0.0625007 0.0672992 0.0944967 0.051104 0.050906 0.0208695 0.00833357 0.0272219 
223 0.0550536 0.178457 0.159699 0.0335981 0.103817 0.162292 0.0744587 0.193725 0.0123869 0.0265132 
224 0.382869 0.0977636 0.134864 0.0516368 0.134543 0.0372671 0.0444469 0.0480501 0.014669 0.053891 
225 0.492647 0.0960596 0.067165 0.057896 0.10111 0.0697817 0.054705 0.0224269 0.00895548 0.0292533 
226 0.28718 0.143623 0.044836 0.151019 0.0591018 0.0586155 0.0935486 0.030197 0.0687645 0.0631147 
227 0.308458 0.139335 0.0434976 0.146511 0.0573375 0.0568658 0.0907561 0.0292956 0.0667143 0.0612282 
228 0.10094 0.133841 0.0683263 0.237467 0.145821 0.0777331 0.0789333 0.0107705 0.0370563 0.109111 
229 0.957668 0.00254192 0.0139394 0.0188887 0.00232053 0.00232053 0 0 0.00232053 0 
230 0.485047 0.0950019 0.0677417 0.070186 0.105874 0.0623325 0.0540726 0.0220971 0.00882378 0.0288231 
231 0.477036 0.0990153 0.0692316 0.0645934 0.114627 0.0566075 0.0563882 0.023117 0.00923104 0.0301534 
232 0.505133 0.155188 0.04299 0.0942968 0.0216657 0.0471367 0.0644117 0.0334698 0.0281003 0.00760749 
233 0.477721 0.0960596 0.067165 0.057896 0.101049 0.0549508 0.0771914 0.0297581 0.00895548 0.0292533 
234 0.28718 0.143623 0.044836 0.166388 0.0591174 0.0586155 0.0935486 0.030197 0.0687644 0.0477301 
235 0.492647 0.0960596 0.067165 0.057896 0.101049 0.0549177 0.0547049 0.0224269 0.00895551 0.0441787 
236 0.10094 0.133841 0.0683264 0.247716 0.150957 0.0777331 0.0789333 0.0107705 0.0370562 0.0937265 
237 0.10094 0.133841 0.0683263 0.252852 0.145821 0.0777331 0.0789333 0.0107705 0.0370562 0.0937265 
238 0 0.130315 0.101359 0.0586174 0.188208 0.161707 0.0716487 0.114389 1.25868e-07 0.173756 
239 0.28718 0.143623 0.044836 0.166404 0.0591018 0.0586155 0.0935486 0.030197 0.0687644 0.0477301 
240 0.282829 0.141447 0.0450551 0.178123 0.0582188 0.0577274 0.0921312 0.0297395 0.0677226 0.0470069 
241 0.10094 0.133841 0.0683264 0.237467 0.145821 0.0777654 0.0936485 0.0114077 0.0370562 0.0937265 
242 0.589213 0.136459 0.0227846 0.0761191 0.0174892 0.0380501 0.051995 0.0270221 0.0342941 0.00657419 
243 0.492617 0.111015 0.067165 0.057896 0.101049 0.0549177 0.054705 0.0224269 0.00895548 0.0292533 
244 0.29798 0.141447 0.0441566 0.148731 0.0582063 0.0577312 0.107279 0.0297395 0.0677225 0.0470069 
245 0.489906 0.159797 0.0290941 0.0971982 0.0223324 0.048587 0.0663936 0.0348784 0.0439708 0.00784156 
246 0.477036 0.1144 0.0692316 0.0596774 0.104158 0.0566075 0.0563882 0.023117 0.00923104 0.0301534 
247 0.28718 0.143623 0.0450744 0.166165 0.0591018 0.0586155 0.0935486 0.030197 0.0687644 0.0477301 
248 0.494952 0.102675 0.0681826 0.0587732 0.10258 0.0557498 0.0555338 0.0227667 0.00909117 0.0296966 
249 0.477036 0.0990153 0.0692316 0.0596774 0.104158 0.0566075 0.0563882 0.023117 0.00923104 0.045538 
250 0.0572672 0.208885 0.0496014 0.0490161 0.127149 0.182111 0.14756 0.0785997 0.0519523 0.0478595 
251 0.0870718 0.268171 0.139144 0.0532149 0.0785473 0.0602655 0.141833 0.0609751 0.0623955 0.0483819 
252 0.0550536 0.178455 0.144316 0.0335981 0.103817 0.162292 0.0745668 0.209001 0.0123869 0.0265132 
253 0.0572672 0.208885 0.0489615 0.0342776 0.142527 0.182111 0.14756 0.0785997 0.0519523 0.0478595 
254 0.497635 0.157376 0.0286534 0.11079 0.0220808 0.0478509 0.0653876 0.0339769 0.0285261 0.00772275 
255 0.10094 0.136487 0.0810657 0.237467 0.145821 0.0777331 0.0789333 0.0107705 0.0370562 0.0937265 
256 0.37799 0.0946527 0.136939 0.0524312 0.136612 0.0378405 0.0451307 0.0487893 0.0148946 0.0547201 
257 0 0.130315 0.116744 0.0586174 0.187846 0.146684 0.0716487 0.114389 1.25868e-07 0.173756 
258 0 0.130315 0.101359 0.0586174 0.187846 0.146684 0.0716487 0.114389 1.34278e-07 0.18914 
259 0.35972 0.113752 0.142025 0.0516368 0.134543 0.0372671 0.0444469 0.0480501 0.014669 0.053891 
260 0.512449 0.176562 0.027016 0.0902555 0.0207372 0.0451165 0.0616512 0.0320354 0.026896 0.00728145 
261 0.497177 0.167907 0.0290983 0.0971982 0.0223324 0.048587 0.0663936 0.0344997 0.0289649 0.00784156 
262 0.0550536 0.178455 0.144316 0.0335981 0.103817 0.162292 0.0744587 0.193725 0.0126386 0.0416461 
263 0.402044 0.0866768 0.129 0.0493917 0.128693 0.0356468 0.0425145 0.0603655 0.0141193 0.0515479 
264 0.477036 0.0990153 0.0692316 0.0597632 0.119453 0.0566117 0.0563882 0.023117 0.00923104 0.0301534 
265 0.511404 0.153876 0.0255557 0.0853768 0.0196163 0.0561729 0.0718434 0.0303451 0.0389196 0.0068898 
266 0.36525 0.0920075 0.136939 0.0524312 0.139187 0.0506509 0.0451307 0.0487893 0.0148946 0.0547201 
267 0.477036 0.0990153 0.0692316 0.0596774 0.11945 0.0566998 0.0563882 0.023117 0.00923104 0.0301534 
268 0.36525 0.0920075 0.136939 0.0524312 0.136612 0.037841 0.0605147 0.0487893 0.0148946 0.0547201 
269 0.497635 0.157376 0.0286533 0.108036 0.0248349 0.0478509 0.0653877 0.0339769 0.0285261 0.00772275 
270 0.374868 0.0906135 0.134864 0.0581917 0.143139 0.0372671 0.0444469 0.0480501 0.014669 0.053891 
271 0.389258 0.0913743 0.134864 0.0516368 0.134543 0.0372671 0.0444469 0.0480501 0.014669 0.053891 
272 0.484528 0.170482 0.0286938 0.110836 0.0219954 0.0478509 0.0653876 0.0339769 0.0285261 0.00772275 
273 0.990032 0.00528514 0 0 0.00468247 0 0 0 0 0 
274 0.477036 0.0990153 0.0846162 0.0596774 0.104158 0.0566075 0.0563882 0.023117 0.00923104 0.0301534 
275 0.482483 0.157376 0.0287898 0.111053 0.0355537 0.0491307 0.0653877 0.0339769 0.0285261 0.00772275 
276 0.28718 0.143623 0.0602206 0.151019 0.0591018 0.0586155 0.0935486 0.030197 0.0687644 0.0477301 
277 0.0572672 0.208885 0.0489615 0.0342713 0.127149 0.182382 0.162673 0.0785997 0.0519523 0.0478595 
278 0.0572672 0.208885 0.0489615 0.0342713 0.130691 0.193953 0.14756 0.0785997 0.0519523 0.0478595 
279 0.109972 0.158568 0.065312 0.231164 0.149841 0.0743828 0.0754509 0.0102954 0.0354214 0.0895915 
280 0.497635 0.157376 0.0286533 0.0957255 0.0233044 0.061692 0.0653876 0.0339769 0.0285261 0.00772275 
281 0.10094 0.133841 0.0683263 0.237467 0.15093 0.0864101 0.0805321 0.0107705 0.0370562 0.0937265 
282 0.384198 0.089261 0.132851 0.0508661 0.14746 0.0367109 0.0437835 0.0473329 0.01445 0.0530867 
283 0.28718 0.143623 0.044836 0.151019 0.0591017 0.0586155 0.108933 0.0301971 0.0687644 0.0477301 
284 0.36525 0.0920075 0.136939 0.0524312 0.151054 0.038784 0.0451307 0.0487893 0.0148946 0.0547201 
285 0.0715408 0.20573 0.0482197 0.0337521 0.125222 0.194503 0.145324 0.0774088 0.0511651 0.0471343 
286 0.489906 0.159797 0.0290941 0.0971982 0.0223324 0.0485975 0.0817673 0.0345001 0.0289649 0.00784156 
287 0.28718 0.143623 0.044836 0.151019 0.0591017 0.0586155 0.0935486 0.0320181 0.0823214 0.0477366 
288 0.10094 0.133841 0.0683264 0.237468 0.161205 0.0777331 0.0789333 0.0107705 0.0370562 0.0937265 
289 0.507337 0.0932914 0.0652392 0.0706896 0.09812 0.0533259 0.0531193 0.0217769 0.00869591 0.0284054 
290 0.36525 0.0947867 0.149544 0.0524312 0.136612 0.0378405 0.0451307 0.0487893 0.0148946 0.0547201 
291 0.489641 0.101794 0.0692316 0.0596774 0.104158 0.0566075 0.0563882 0.023117 0.00923104 0.0301534 
292 0.10094 0.133841 0.0683271 0.252028 0.146644 0.0777331 0.0789333 0.0107705 0.0370562 0.0937265 
293 0.36525 0.0920075 0.136939 0.0526101 0.151818 0.0378405 0.0451307 0.0487893 0.0148946 0.0547201 
294 0.518978 0.156107 0.0282257 0.0942968 0.0216657 0.0471367 0.0644117 0.0334698 0.0281003 0.00760749 
295 0.36525 0.0920075 0.136939 0.0524312 0.136612 0.053225 0.0451307 0.0487893 0.0148946 0.0547201 
296 0.526341 0.148383 0.027016 0.0902555 0.0207372 0.0457112 0.0753422 0.0320354 0.026896 0.00728145 
297 0.296501 0.149686 0.044836 0.151019 0.0591018 0.0586155 0.0935486 0.030197 0.0687644 0.0477301 
298 0.296501 0.149686 0.044836 0.151019 0.0591018 0.0586155 0.0935486 0.030197 0.0687644 0.0477301 
299 0.377377 0.0952656 0.136939 0.0524312 0.136612 0.0378405 0.0451307 0.0487893 0.0148946 0.0547201 
300 0.511826 0.148614 0.027016 0.104541 0.0207372 0.0451165 0.0677654 0.0402069 0.026896 0.00728145 
301 0.957056 0.00257791 0.0261965 0.00710737 0.00235416 0.00235416 0 0 0.00235416 0 
302 0.28718 0.143623 0.044836 0.151019 0.0591017 0.0586155 0.0935486 0.0304853 0.0780018 0.053589 
303 0.36525 0.0920075 0.136939 0.0678158 0.136612 0.0378405 0.0451307 0.0487893 0.0148946 0.0547201 
304 0.36525 0.0920075 0.136939 0.0571102 0.147318 0.0378405 0.0451307 0.0487893 0.0148946 0.0547201 
305 0.487741 0.103694 0.0692316 0.0596774 0.104158 0.0566075 0.0563882 0.023117 0.00923104 0.0301534 
306 0.517333 0.147888 0.0266355 0.0889843 0.0204451 0.0445423 0.0752712 0.0452037 0.0265172 0.00717889 
307 0.477036 0.0990482 0.081773 0.0624876 0.104158 0.0566075 0.0563882 0.023117 0.00923104 0.0301534 
308 0.0600768 0.221427 0.0489946 0.0342713 0.127149 0.182111 0.14756 0.0785997 0.0519523 0.0478595 
309 0.36525 0.0920075 0.136939 0.0524312 0.136972 0.0528656 0.0451307 0.0487893 0.0148946 0.0547201 
310 0.492305 0.0964009 0.067165 0.0578974 0.113978 0.0569122 0.054705 0.0224269 0.00895548 0.0292533 
311 0.10094 0.149226 0.0683263 0.237467 0.145821 0.0777331 0.0789333 0.0107705 0.0370562 0.0937265 
312 0.95996 0.00240063 0.0263732 0.0046804 0.00219509 0.00219509 0 0 0.00219509 0 
313 0.10094 0.133841 0.0683269 0.252851 0.145821 0.0777331 0.0789333 0.0107705 0.0370562 0.0937265 
314 0.36525 0.0920078 0.152142 0.0526119 0.136612 0.0378405 0.0451307 0.0487893 0.0148946 0.0547201 
315 0.492146 0.10548 0.0681829 0.0587732 0.10258 0.0557498 0.0555338 0.0227667 0.00909117 0.0296966 
316 0.477036 0.1144 0.0692316 0.0596774 0.104158 0.0566075 0.0563882 0.023117 0.00923104 0.0301534 
317 0.359716 0.0907427 0.149886 0.0516371 0.149694 0.0372671 0.0444469 0.0480501 0.014669 0.053891 
318 0.489906 0.159797 0.0290941 0.0971982 0.0223324 0.048587 0.066394 0.0497527 0.0290961 0.00784156 
319 0.477036 0.0990153 0.0692316 0.0596774 0.104158 0.0566075 0.0717728 0.023117 0.00923104 0.0301534 
320 0.0870718 0.252786 0.139144 0.0532149 0.0785473 0.0602655 0.141833 0.0629204 0.0758342 0.0483825 
321 0.0572672 0.208885 0.0489615 0.0342713 0.127149 0.19749 0.147565 0.0785997 0.0519523 0.0478595 
322 0.913285 0.00925554 0.0128937 0.0100243 0.0225418 0.00292517 0.00976609 0.00962308 0 0.00968471 
323 0.489906 0.159797 0.0291142 0.112563 0.0223324 0.048587 0.0663936 0.0344997 0.0289649 0.00784156 
324 0.489906 0.159797 0.0290941 0.0971987 0.0377165 0.048587 0.0663936 0.0344997 0.0289649 0.00784156 
325 0.0550536 0.178455 0.144316 0.0335981 0.103817 0.162292 0.076424 0.207144 0.0123869 0.0265132 
326 0.36525 0.0920075 0.136939 0.0661341 0.138293 0.0378405 0.0451307 0.0487893 0.0148946 0.0547201 
327 0.0550536 0.178455 0.144316 0.0486017 0.104198 0.162292 0.0744587 0.193725 0.0123869 0.0265132 
328 0.897942 0.0092141 0.0128937 0.0104505 0.0375002 0.00292517 0.00976609 0.00962308 0 0.00968471 
329 0.36525 0.0920075 0.136939 0.0524312 0.136612 0.0378404 0.0451307 0.0487893 0.0148951 0.0701042 
330 0.36525 0.0920075 0.136939 0.0524312 0.136612 0.0378405 0.0605153 0.0487893 0.0148946 0.0547201 
331 0.0550536 0.178455 0.144316 0.0335981 0.103817 0.163724 0.0884115 0.193725 0.0123869 0.0265132 
332 0.489906 0.159797 0.0290941 0.097203 0.0377122 0.0485871 0.0663936 0.0344997 0.0289649 0.00784156 
333 0.10094 0.133841 0.068327 0.252812 0.145861 0.0777331 0.0789333 0.0107705 0.0370562 0.0937265 
334 0.0550931 0.193299 0.144817 0.0335981 0.103817 0.162292 0.0744587 0.193725 0.0123869 0.0265132 
335 0.489906 0.175182 0.0290941 0.0971982 0.0223324 0.048587 0.0663936 0.0344997 0.0289649 0.00784156 
336 0.308458 0.139335 0.0434976 0.146511 0.0573375 0.0568679 0.105437 0.0295377 0.0667118 0.0463053 
337 0.36525 0.0928591 0.151472 0.0524312 0.136612 0.0378405 0.0451307 0.0487893 0.0148946 0.0547201 
338 0.491821 0.0969357 0.0820365 0.0578998 0.101049 0.0549177 0.0547049 0.0224269 0.00895548 0.0292533 
339 0.36525 0.0920075 0.136939 0.0524312 0.136612 0.0396602 0.0586956 0.0487893 0.0148946 0.0547201 
340 0.28718 0.143623 0.044836 0.151019 0.0591018 0.0631553 0.104394 0.030197 0.0687644 0.0477301 
341 0.477036 0.0990153 0.0692316 0.0597493 0.114361 0.0617175 0.0563882 0.023117 0.00923104 0.0301534 
342 0.10094 0.133841 0.0683263 0.242744 0.155857 0.0778051 0.0789333 0.0107705 0.0370562 0.0937265 
343 0.10094 0.133841 0.0684112 0.252767 0.145821 0.0777331 0.0789333 0.0107705 0.0370562 0.0937265 
344 0.387019 0.0936136 0.134864 0.0516368 0.134543 0.0372671 0.0444469 0.0480501 0.014669 0.053891 
345 0.897942 0.00921418 0.0282782 0.0100243 0.0225418 0.00292517 0.00976609 0.00962308 0 0.00968471 
346 0 0 0 0 0 0.999999 0 0 0 0 
347 0.36525 0.0920075 0.152323 0.0524312 0.136612 0.0378405 0.0451307 0.0487893 0.0148946 0.0547201 
348 0.477036 0.0990153 0.0692316 0.0596971 0.119463 0.0566679 0.0563882 0.023117 0.00923104 0.0301534 
349 0.49238 0.172689 0.0291138 0.0971982 0.0223324 0.048587 0.0663936 0.0344997 0.0289649 0.00784156 
350 0.069371 0.175751 0.142129 0.0330891 0.117371 0.159857 0.0733306 0.19079 0.0121992 0.0261115 
351 0.477036 0.0990153 0.0692316 0.075062 0.104158 0.0566075 0.0563882 0.023117 0.00923104 0.0301534 
352 0.28718 0.143623 0.044836 0.151096 0.0743443 0.0586804 0.0935486 0.030197 0.0687644 0.0477301 
353 0.477036 0.0990153 0.0796334 0.0646602 0.104158 0.0566075 0.0563882 0.023117 0.00923104 0.0301534 
354 0.489906 0.159797 0.0290941 0.0971982 0.0223324 0.048587 0.0672116 0.0490662 0.028965 0.00784156 
355 0.0572672 0.208885 0.0489615 0.0342713 0.127149 0.182111 0.147606 0.093936 0.0519545 0.0478595 
356 0.36525 0.0920075 0.136939 0.0524312 0.151132 0.038706 0.0451307 0.0487893 0.0148946 0.0547201 
357 0.28718 0.143623 0.0449325 0.160681 0.0647279 0.0586155 0.0935486 0.030197 0.0687644 0.0477301 
358 0.292806 0.15338 0.0448373 0.151019 0.0591018 0.0586155 0.0935486 0.030197 0.0687644 0.0477301 
359 0.29798 0.141447 0.0441566 0.148731 0.0582063 0.0577274 0.0921312 0.029753 0.0828605 0.0470069 
360 0.28718 0.143623 0.044836 0.166404 0.0591018 0.0586155 0.0935486 0.030197 0.0687644 0.0477301 
361 0.125624 0.128211 0.065312 0.233271 0.147814 0.0743037 0.0754509 0.0102954 0.0354214 0.104297 
362 0.0994103 0.131813 0.0673172 0.254956 0.152445 0.0769116 0.0777373 0.0106073 0.0364948 0.0923064 
363 0.28718 0.143623 0.044836 0.151019 0.0591018 0.0586155 0.0935486 0.030197 0.0687901 0.063089 
364 0.477036 0.0990153 0.0692316 0.0596774 0.104158 0.0566075 0.0717728 0.023117 0.00923104 0.0301534 
365 0.36525 0.0920075 0.136939 0.0524312 0.136612 0.0378405 0.0454113 0.0638929 0.014895 0.0547201 
366 0.369922 0.101448 0.138211 0.0524312 0.136612 0.0378405 0.0451307 0.0487893 0.0148946 0.0547201 
367 0.36525 0.0920075 0.152323 0.0524312 0.136612 0.0378405 0.0451307 0.0487893 0.0148946 0.0547201 
368 0.489906 0.159798 0.0299473 0.107002 0.0270605 0.048587 0.0663936 0.0344997 0.0289649 0.00784156 
369 0.369978 0.101811 0.137792 0.0524312 0.136612 0.0378405 0.0451307 0.0487893 0.0148946 0.0547201 
370 0.477036 0.0990153 0.0692316 0.0601669 0.119053 0.0566075 0.0563882 0.023117 0.00923104 0.0301534 
371 0.912958 0.00958291 0.0128937 0.0100243 0.0225418 0.00292517 0.00976609 0.00962308 0 0.00968471 
372 0.363842 0.102654 0.145603 0.0648239 0.130585 0.036171 0.0431397 0.0466368 0.0142375 0.052306 
373 0.369273 0.089261 0.147776 0.0508661 0.132534 0.0367109 0.0437835 0.0473329 0.0166805 0.0657816 
374 0.365283 0.107359 0.136939 0.0524312 0.136612 0.0378405 0.0451307 0.0487893 0.0148946 0.0547201 
375 0.477036 0.0990153 0.0692316 0.0596774 0.104158 0.0566075 0.0563882 0.0232315 0.0244681 0.0301864 
376 0.477036 0.0990153 0.0692316 0.0596774 0.104158 0.0566075 0.0563882 0.023117 0.00969824 0.0450708 
377 0.477036 0.0990153 0.0692316 0.0596774 0.104158 0.0719921 0.0563882 0.023117 0.00923104 0.0301534 
378 0.500093 0.0946618 0.0661773 0.0570446 0.106834 0.0615443 0.0539009 0.0220971 0.00882378 0.0288231 
379 0.127777 0.129846 0.0662868 0.230379 0.141468 0.0755201 0.0913951 0.010449 0.0359501 0.0909287 
380 0.477036 0.0990153 0.0846162 0.0596774 0.104158 0.0566075 0.0563882 0.023117 0.00923104 0.0301534 
381 0.502126 0.158035 0.0282257 0.0942968 0.0216657 0.048322 0.07778 0.0338416 0.0281003 0.00760749 
382 0.48496 0.112666 0.0681826 0.0587732 0.10258 0.0557498 0.0555338 0.0227667 0.00909117 0.0296966 
383 0.477036 0.0990153 0.0692316 0.05968 0.119501 0.0566466 0.0563882 0.023117 0.00923104 0.0301534 
384 0.28718 0.143623 0.044836 0.151019 0.0591018 0.0586155 0.0997744 0.0393267 0.0687935 0.0477301 
385 0.289425 0.150537 0.0510618 0.151019 0.0591018 0.0586155 0.0935486 0.030197 0.0687644 0.0477301 
386 0.445208 0.252441 0.0262655 0.0877484 0.0201612 0.0438633 0.0599387 0.0311455 0.0261489 0.00707919 
387 0.36525 0.0920075 0.136939 0.0657181 0.13871 0.0378405 0.0451307 0.0487893 0.0148946 0.0547201 
388 0.36525 0.0920075 0.136939 0.0657184 0.13871 0.0378405 0.0451307 0.0487893 0.0148946 0.0547201 
389 0.477036 0.0990153 0.0692316 0.0744593 0.104761 0.0566075 0.0563882 0.023117 0.00923104 0.0301534 
390 0.10094 0.133841 0.0683263 0.237467 0.145821 0.0777331 0.0789333 0.0107705 0.0385634 0.107604 
391 0.36525 0.0920075 0.136939 0.0657173 0.138711 0.0378405 0.0451307 0.0487893 0.0148946 0.0547201 
392 0.489906 0.159797 0.0290941 0.112583 0.0223326 0.048587 0.0663936 0.0344997 0.0289649 0.00784156 
393 0.36525 0.0920075 0.136939 0.0524312 0.151997 0.0378408 0.0451307 0.0487893 0.0148946 0.0547201 
394 0.48496 0.097515 0.0681826 0.0736055 0.102899 0.0557498 0.0555338 0.0227667 0.00909117 0.0296966 
395 0.36525 0.0920075 0.136939 0.0524312 0.136612 0.0378405 0.0452942 0.0640039 0.0149011 0.0547201 
396 0.491712 0.173377 0.0290941 0.0971982 0.0223324 0.048587 0.0663936 0.0344997 0.0289649 0.00784156 
397 0.477036 0.0990153 0.0692316 0.0596774 0.104158 0.0566075 0.0563882 0.023117 0.00923136 0.0455377 
398 0.36525 0.0920075 0.136939 0.0524312 0.136612 0.0404735 0.0578823 0.0487893 0.0148946 0.0547201 
399 0.488674 0.108892 0.0682426 0.0587732 0.10258 0.0557498 0.0555338 0.0227667 0.00909117 0.0296966 
400 0.477036 0.0990153 0.0692316 0.075062 0.104158 0.0566075 0.0563882 0.023117 0.00923104 0.0301534 
